1 -3 0 .5 
2 3 0 .5
3 -3 0 -.5
4 3 0 -.5
5 3 -3 .5
6 3 -3 -.5
7 -3 -3 .5
8 -3 -3 -.5
9 -2.36 0 -.5
10 -2.36 0 -2
11 -3 0 -2
12 -3 -.71 -.5
13 -3 -.71 -2
14 -2.36 -.71 -.5
15 -2.36 -.71 -2
16 -3 -2.37 -.5
17 -3 -2.37 -2
18 -3 -3 -2
19 -2.36 -2.37 -.5
20 -2.36 -2.37 -2
21 -2.36 -3 -.5
22 -2.36 -3 -2
23 2.36 0 -.5
24 3 0 -2
25 2.36 0 -2
26 3 -.71 -.5
27 2.36 -.71 -.5
28 3 -.71 -2
29 2.36 -.71 -2
30 3 -2.37 -.5
31 3 -3 -2
32 3 -2.37 -2
33 2.36 -2.37 -.5
34 2.36 -3 -.5
35 2.38 -2.37 -2
36 2.36 -3 -2
37 -4 -0.5 -.75
38 -5 -.5 -.75
39 -4 .5 -.75
40 -5 .5 -.75
41 -4 -.5 -1
42 -4 .5 -1
43 -5 -.5 -1
44 -5 .5 -1
45 -4 -.5 1.5
46 -5 -.5 1.5
47 -4 -.17 1.5
48 -4 -.17 -.75
49 -5 -.17 1.5
50 -5 -.17 -.75
51 -5 -0.17 -1
52 -4.77 -.5 -1
53 -4.77 -0.17 -1
54 -4.23 -0.5 -1
55 -4 -0.17 -1
56 -4.23 -0.17 -1
57 -4 -0.5 -2
58 -4.23 -0.5 -2
59 -4 -0.17 -2
60 -4.23 -0.17 -2
61 -5 -.5 -2
62 -4.77 -.5 -2
63 -4.77 -.17 -2
64 -5 -.17 -2
65 -4.77 .5 -1
66 -4.23 .5 -1
67 -5 .17 -1
68 -4 .17 -1
69 -4.23 .17 -1
70 -4.77 .17 -1
71 -4 .5 -2
72 -4.23 .5 -2
73 -4.23 .17 -2
74 -4 .17 -2
75 -4.77 .5 -2
76 -5 .5 -2
77 -5 .17 -2
78 -4.77 .17 -2
79 0.75 -1.75 .5
80 -.75 -1.75 .5
81 0.75 -1.25 .5
82 -0.75 -1.25 .5
83 .75 -1.25 .65
84 -.75 -1.25 .65
85 -.75 -1.75 .65
86 .75 -1.75 .65
87 .5 -1.25 .65
88 -.5 -1.25 .65
89 -.5 -1.75 .65
90 .5 -1.75 .65
91 .5 -1.4 .65
92 -.5 -1.4 .65
93 .5 -1.6 .65
94 -.5 -1.6 .65
95 .5 -1.6 1.3
96 -.5 -1.6 1.3
97 -.5 -1.75 1.3
98 0.5 -1.75 1.3
102 .5 -1.4 1.3
99 .5 -1.25 1.3
100 -.5 -1.25 1.3
101 -.5 -1.4 1.3
103 -4.5 0 -.75
104 -4.5 0 -2
 Faces:
1 7 5 2.
6 30 26 4 23 9 3 12 16 8 21 34.
1 3 12 16 8 7.
7 8 21 34 6 5.
5 6 30 26 4 2.
2 4 23 9 3 1.
8 16 19 21.
18 17 20 22.
16 17 18 8.
18 22 21 8.
22 20 19 21.
20 17 16 19.
17 18 22 20.
9 14 12 3.
9 10 11 3.
3 11 13 12.
13 15 14 12.
15 10 9 14.
34 33 30 6.
36 31 6 34.
35 36 34 33.
32 35 33 30.
31 32 30 6.
35 33 34 33.
27 23 4 26.
28 24 4 26.
24 25 23 4.
25 29 27 23.
29 28 26 27.
40 38 37 39.
44 42 55 41 54 52 43 51.
38 37 45 46.
48 50 49 47.
50 38 46 49.
37 48 47 45.
42 66 65 44 40 39.
44 67 51 43 38 50 40.
43 52 54 41 37 38.
41 55 68 42 39 48 37.
49 46 45 47.
52 55 54 41.
59 60 58 57.
59 60 56 55.
60 58 54 56.
58 57 41 54.
57 59 55 41.
63 64 51 53.
64 61 43 51.
61 62 52 43.
62 63 53 52.
74 71 42 68.
71 72 66 42.
72 73 69 66.
73 74 68 69.
78 75 65 70.
75 76 44 65.
76 77 67 44.
77 78 70 67.
82 80 79 81.
84 85 89 90 86 83 87 88.
81 82 84 88 87 83.
82 80 85 84.
80 79 86 90 89 85.
79 81 83 86.
96 97 98 95.
93 94 96 95.
94 89 97 96.
89 90 98 97.
90 93 95 98.
91 87 99 102.
87 88 100 99.
88 92 101 100.
92 91 102 101.
